Estatura (m),Peso (kg)
1.62,49.37
1.97,87.64
1.84,69.38
1.76,67.33
1.49,54.23
1.49,44.83
1.43,43.5
1.92,86.0
1.76,61.89
1.82,63.25
1.41,40.6
1.98,76.72
1.9,88.22
1.53,55.23
1.51,51.36
1.51,54.9
1.58,59.21
1.71,57.91
1.66,66.65
1.57,54.44
1.77,73.91
1.48,53.35
1.58,50.96
1.62,50.39
1.67,55.91
1.87,74.34
1.52,54.82
1.71,70.08
1.76,57.15
1.43,44.38
1.76,65.92
1.5,44.96
1.44,39.9
1.97,80.13
1.98,96.13
1.89,73.09
1.58,54.66
1.46,48.93
1.81,68.27
1.66,68.45
1.47,53.52
1.7,57.92
1.42,43.76
1.95,77.32
1.56,49.16
1.8,60.54
1.59,56.42
1.71,63.65
1.73,56.23
1.51,46.3
1.98,95.48
1.87,69.69
1.96,74.91
1.94,81.16
1.76,76.74
1.95,76.48
1.45,48.15
1.52,53.83
1.43,40.78
1.6,58.94
1.63,55.62
1.56,55.07
1.9,81.19
1.61,57.13
1.57,46.94
1.73,71.01
1.48,45.3
1.88,69.7
1.44,39.16
1.99,88.43
1.86,79.29
1.52,42.94
1.4,42.89
1.89,71.21
1.82,75.3
1.84,66.22
1.86,79.54
1.44,43.76
1.62,63.89
1.47,41.85
1.92,76.08
1.77,60.5
1.6,62.4
1.44,49.88
1.59,50.72
1.6,57.82
1.84,80.15
1.78,70.07
1.93,81.73
1.68,56.81
1.47,41.36
1.83,81.0
1.86,83.62
1.74,68.02
1.86,71.71
1.7,59.66
1.71,67.97
1.66,66.52
1.42,48.43
1.46,50.4
